00.0
00.0
00.0
00.0
20.3
00.0
00.0
00.0
00.0
00.0
00.0
00.0
00.0
00.0
00.0
00.0
00.0
00.0
00.0
00.0
00.0
00.0
00.0
00.0
00.0
00.0
00.6
00.0
03.7
15.0
00.0
00.0
00.0
03.0
14.4
00.1
00.9
00.0
00.0
00.0
12.8
00.3
00.0
14.1
02.1
00.0
00.0
00.2
02.3
50.9
00.1
00.0
19.0
28.4
77.4
09.2
14.8
00.0
00.0
00.0
00.0
00.0
00.0
00.0
00.0
01.1
13.2
10.1
00.0
00.0
00.0
00.0
00.0
08.1
17.9
25.9
00.0
00.0
00.0
00.0
00.0
00.0
00.0
00.0
00.0
00.0
00.0
00.0
00.0
00.0
00.0
00.0
78.8
00.1
00.0
00.3
18.3
53.1
00.0
03.3
02.7
48.0
16.9
00.0
00.0
00.0
00.0
00.0
00.0
00.0
00.0
00.0
00.0
00.0
00.0
00.0
39.6
02.8
00.0
00.0
37.7
03.2
00.2
00.4
00.0
00.0
00.0
00.0
00.0
00.0
00.0
00.0
00.0
00.0
00.1
01.7
00.0
00.2
00.0
00.0
00.0
00.1
00.0
00.0
00.3
00.0
00.0
00.1
00.0
00.1
00.0
01.3
03.3
00.0
00.0
00.0
00.0
00.0
00.0
07.7
01.6
00.0
00.0
00.0
00.0
00.0
00.0
00.0
00.0
00.0
00.0
00.0
00.0
00.0
00.0
00.0
00.0
00.0
00.0
36.9
00.0
00.0
00.0
01.8
00.0
03.3
11.1
00.3
09.9
00.0
00.0
00.0
00.0
00.0
00.0
00.0
00.0
00.0
00.0
00.0
00.0
00.0
00.0
00.0
00.0
00.0
00.0
00.0
00.0
00.0
00.0
00.0
02.4
00.0
00.7
00.0
01.4
02.3
08.3
05.6
00.0
03.6
37.5
03.7
13.1
10.8
00.0
00.0
00.0
06.0
03.2
00.8
01.2
04.3
02.0
00.0
00.0
00.0
00.0
00.0
00.0
00.0
00.0
00.0
00.0
00.0
00.0
00.0
00.0
00.0
00.0
00.0
00.0
00.0
00.0
00.0
00.2
00.0
00.0
11.9
05.9
03.4
07.0
00.0
00.0
00.0
00.0
00.0
00.0
12.6
05.7
00.0
00.0
00.0
00.0
00.0
00.0
00.0
00.0
00.0
00.0
00.0
00.0
00.0
00.0
00.0
00.0
00.0
00.0
00.0
00.0
00.8
09.4
00.0
00.0
00.0
12.9
03.1
08.3
00.0
00.0
00.1
04.0
01.3
04.3
26.9
08.8
19.1
05.5
00.0
00.0
00.0
00.0
00.0
01.0
06.5
02.5
09.6
00.0
02.1
00.0
00.0
00.0
00.0
02.2
08.8
00.0
06.9
01.0
11.0
03.4
02.0
00.1
00.0
00.0
00.0
09.6
00.0
00.8
13.2
07.2
00.0
03.9
00.0
05.7
01.2
00.0
00.0
00.0
00.3
02.5
06.3
07.4
08.6
09.7
00.0
23.3
03.1
04.5
01.3
00.0
02.0
00.1
00.0
26.3

